14.6024553
58.8110301
42.8867657
-0.8406658
-7.2422416
41.1437202
-8.1067604
-24.097317
33.400684
63.4107694
37.9854094
-8.4578388
42.6448155
-5.1942574
39.6048507
32.9808142
10.6934511
51.2405976
33.06748
26.82808
51.5598572
50.8294542
3.8144237
30.456361
18.6316742
33.5668566
37.0422371
50.3382214
35.7493724
-8.4879
-7.5178871
-6.9219286
48.4187171
49.034461
45.9469236
-8.2962
29.606391
-33.5295223
42.1102695
15.482604
40.637939
-20.5898891
10.90354
40.8782107
3.1822988
14.4990116
23.07555
35.30385
7.4368244
37.73892
-15.0418557
40.3464743
-11.335798
2.7005604
-7.2452522
40.3306084
42.1294151
-12.1992451
29.434465
23.110052
48.5412136
31.556273
22.44668
3.5737543
41.4783577
48.892701
45.2977605
46.22544
10.39799
55.6862651
14.5508865
44.9564928
59.4874462
40.761653
15.49089
12.3211354
15.3098003
59.320622
35.950284
23.8882098
12.0675239
49.2412468
5.082453
13.0748879
22.951554
57.6902027
-7.1004
49.4702817
41.1667893
40.4690667
-4.5702358
26.076336
66.9443405
23.178828
41.6401662
-25.0305317
50.0809432
-28.3833642
35.7255757
55.4426515
9.1254001
31.2303904
23.1497287
50.2770333
18.31173
32.46392
52.695844
30.6217883
57.731461
15.8048323
69.4326713
-8.7446943
59.272573
34.050751
30.760008
9.5138582
7.5670301
50.2568193
13.0748879
5.1677581
39.4591
48.6843964
49.46634
14.5424287
23.35329
53.77377
23.0872891
57.9168381
44.054356
40.6998888
53.6693538
-11.4840463
8.579016
-2.269994
35.9594106
55.7387411
32.5741487
28.489465
35.4449242
40.255866
-18.3269371
59.9384597
10.1164943
29.919421
49.8370072
15.482806
23.17277
-6.7115834
40.5329933
-9.4954726
-38.9156735
52.5871233
51.6710832
-8.2331212
39.8385153
-9.2899075
1.4403744
36.7010563
14.5770566
52.804249
40.576319
35.23619
-12.7822122
-7.5474657
54.9295907
-16.4544375
41.4564504
34.46934
41.523117
-3.5670807
1.5592261
48.8231572
0.5948949
44.0519136
-13.479597
22.9353419
36.649364
-8.2151612
-34.5688333
35.2901
59.3800269
9.7922
48.809598
19.2262055
11.2666664
50.2770333
8.5060115
-8.4669233
51.881883
-7.0345626
3.1523104
41.3888512
52.3723858
38.984289
-23.3969772
43.0444596
37.363389
36.187989
8.797145
26.87365
27.386227
43.6953508
-7.3440367
-7.003074
43.0683838
31.6374692
-14.4861733
45.4835641
-8.4478
-0.9807341
-25.8621309
55.7570915
36.049805
52.2597944
56.7706744
12.6151
-6.2433851
45.052484
48.2166359
5.995876
8.8105088
16.7445704
60.0097637
-8.1878613
46.7530428
9.3473628
59.9026039
16.2107446
54.6053915
54.9428925
49.8856767
46.9573015
4.956167
29.9
43.4945737
-6.9415153
-8.2614583
48.7853082
4.761738
36.6484118
-2.1709979
38.942367
36.815129
32.5009216
24.370937
59.3551153
-1.048106
43.3362822
4.336584
25.728011
42.0595836
52.4379891
-8.7552
-7.2269461
-12.7389848
22.280436
-6.9295423
51.6698819
16.2569214
40.767544
41.3263905
48.5851876
14.5849522
49.0054448
5.8415399
13.6532561
34.7964208
42.1165506
40.2278236
6.1816141
-2.4421225
57.8001246
40.152053
14.5016958
26.497765
-34.6156429
-8.801499
18.8962696
39.7975767
45.506995
-7.8003628
41.6068468
20.5359964
30.747842
48.7707356
50.0579046
41.6528112
32.38632
34.2818498
55.4211657
38.0068597
56.7012772
40.2355256
15.23199
38.7993886
39.6022749
50.35008
18.5295981
39.8551211
48.3694747
-6.5312892
-10.333333
42.5420213
28.262375
-9.68
50.072026
12.261245
32.903454
-7.4468
-6.97832
48.071593
37.5874845
-6.3193858
-8.0119417
18.455503
-8.1067604
45.4699386
-19.2443226
36.1069958
14.9619281
32.629398
56.886652
4.974252
30.081941
24.879416
30.466314
-6.4698758
20.1473464
44.8594566
48.433225
-7.6966822
58.3767785
46.3033966
4.4979714
59.913104
47.7963656
21.9440983
-31.3320807
11.2934532
-31.48342
-35.5364676
27.229632
51.2092169
60.1368081
17.0056829
43.34041
46.575883
-8.6467
35.7418174
48.890054
-20.0292302
35.0801925
8.920465
24.094765
-10.9588216
10.1219025
34.5739933
-34.7569609
17.1056791
-4.4864625
29.770279
5.329576
-8.6986
14.5544751
32.009016
48.8179158
35.2219554
17.8579334
-6.7353
-6.760856
9.128588
58.3736347
2.286994
-6.981636
41.3176391
33.9715904
33.2680092
6.5592478
8.5147676
53.3797233
49.9146804
35.9132087
41.773672
51.3383504
28.018107
-23.2218772
50.3844613
-1.2549934
50.58999
38.983236
-26.1631828
-33.047238
43.6356348
30.7998721
41.4230192
19.4771559
28.6846153
51.8417492
28.682309
48.7790663
13.271157
-6.813931
-37.0555803
10.9089364
23.7321074
9.1742107
29.24693
39.9799992
39.2077209
31.219568
23.354091
-13.3833585
59.2933625
-8.6926
37.417116
37.856971
38.8145081
-8.8341
-37.4762431
51.341478
24.63827
48.1030253
50.2435433
0.22216
-1.0469378
-7.0859542
24.094765
-21.6493783
-6.8065
-6.2277509
53.607925
35.632522
31.2371338
38.5783058
50.9213963
21.857958
41.7
-25.9718022
-6.9140488
-7.2527403
43.4590202
34.620202
-21.7096172
39.228905
30.27
14.5272379
29.722611
14.5697429
40.0380778
44.0854864
37.105382
8.3802672
35.709077
43.4945737
45.089753
20.023731
23.028956
50.5416315
10.2581682
8.4201951
50.0138436
51.5742615
50.6398985
21.2962334
38.9809754
30.378326
39.8575426
-12.8272291
47.2952721
48.8505771
10.2838456
-6.7387737
39.9311729
59.9207975
56.346821
55.76303
56.4428126
13.5936457
-23.2987827
4.974252
25.5784559
32.695172
-10.6113203
12.4317585
31.49737
35.819227
-11.4840463
36.2013157
47.594843
12.805294
45.7646846
23.361531
-4.4654444
53.9240029
19.241239
39.6048507
30.21
34.5724074
33.489877
45.730664
34.7720133
36.068172
46.5919484
27.127669
50.3836071
41.4024948
-4.1948081
6.4387946
41.5488297
64.128759
60.3588201
51.6515663
-34.6738798
28.517456
53.69889
-11.70753
38.235241
-16.0222492
54.4265348
6.085685
-10.573164
24.919493
44.840524
32.751027
8.2435239
-23.8401119
60.3968738
-8.0604
-31.7790432
14.5016958
30.7879384
32.060255
39.4643574
36.553769
9.943182
15.1650908
-6.2686878
12.4226795
25.8007724
29.344616
-10.9492286
32.765421
21.918725
24.388837
-5.9345929
44.3348462
9.61666
16.4826614
40.5075632
-6.2284889
22.149009
23.5989926
38.4244545
29.185721
14.714943
21.244721
34.1777698
55.9180886
35.819227
15.9321146
60.8061218
18.9753413
-19.811431
54.2866841
-20.0325016
28.590337
-9.7085741
25.692699
35.490701
37.401244
49.6933676
25.600871
6.9936468
52.416925
-22.5905906
40.9837776
14.5999366
51.5615169
41.131691
-17.8832695
-7.2065356
55.985
25.842011
38.6754819
29.4374631
0.839501
38.465785
40.0179745
-4.581521
1.558031
-39.8173788
30.847047
48.3705292
30.807667
43.3011387
36.7299999
8.1831476
49.617087
32.0544346
23.0981075
-31.5720128
39.472976
-7.1846561
45.8174856
49.8259726
14.6440549
41.985186
4.727773
56.9651439
39.059554
51.6655
49.297491
48.9078269
1.3796294
40.8246053
-6.2023936
59.8505671
49.4263976
46.5771983
25.0248314
17.8964345
35.4889372
-6.1604549
14.8866729
36.71041
-6.9815383
16.2123852
-8.401854
3.1523104
36.1473783
40.7316367
38.696249
-8.6836833
18.0735299
39.193073
-8.1844859
11.5478704
29.2673269
28.7746477
14.5671847
51.9466854
-20.6984299
36.2268985
52.1124967
4.3139754
-7.0240978
28.3921554
41.9238499
14.2552463
30.037192
14.641514
50.2804989
46.0765073
43.0208123
20.1871897
-7.011204
7.6182738
32.5362744
20.0980577
48.9330384
9.9847566
39.5093131
52.362743
-1.3525694
20.1473464
42.697778
53.7090279
-37.9599734
33.0405226
51.1227795
35.662808
4.6096768
28.391349
15.6729353
15.6915862
36.6484118
59.9191279
56.4837532
46.6750305
29.751072
53.7937151
34.9002535
31.3462005
9.4234961
38.0572295
-6.2916321
-6.7297651
42.424662
53.4460678
-6.3212658
59.6124387
42.4635206
43.4945737
-3.3186067
-26.2297202
50.2940131
-7.9780918
-20.7784132
58.9670963
15.8127
-12.8454679
48.4621258
-7.3314
35.1612182
35.8439572
47.8074536
-6.7657
13.439615
14.6710601
15.3091676
21.0744245
6.0375069
54.4515199
15.1487342
52.54952
-7.1557925
36.0038131
35.621965
28.739865
25.3148115
49.6273493
22.64879
53.3223974
14.5421715
36.7252955
-6.9174639
-6.1487501
14.5396049
28.955847
32.271335
8.2961481
34.55
40.7886028
55.6967262
27.866183
31.2303904
15.9272632
42.896428
40.3249162
25.84791
28.644598
59.9026039
33.78529
45.3106092
-27.633736
-7.7687701
40.3706555
36.3046238
36.13521
24.9372186
46.4566661
6.4990277
59.5782797
28.430921
60.0128251
-24.5253253
24.326292
31.1655344
14.7013241
44.9442659
35.8413934
48.9776522
-8.3434104
48.0270746
38.32
7.6977061
49.1169513
63.4400274
37.4498962
-7.7789062
37.261564
20.775698
-7.3743397
-7.2760371
51.6325636
17.563418
10.3765284
39.4621054
39.9167763
-27.8157141
-17.8938032
16.7315698
-7.459928
57.6995979
30.479255
-6.3621916
6.0825
-6.633333
25.448371
30.387552
-5.0077715
35.5374671
19.543278
57.6597922
50.7885238
-7.4619612
6.7360651
-7.3977218
-6.990714
12.712478
40.6285158
30.920219
12.2722898
-16.20274
-7.4242782
10.0445164
42.0384767
43.2600338
28.924679
49.663978
29.937716
-6.7836529
-7.232837
-20.0207751
-32.9760359
13.7208503
-16.2162656
-6.1341119
-4.7691623
41.069856
37.082157
32.7324624
33.323763
-6.9498767
34.513586
35.001453
48.282193
50.0281297
53.516179
30.378326
-8.0941273
40.882377
-7.4632593
5.8320421
-23.2987827
-4.8696374
12.87678
31.306915
39.224791
22.898014
50.5269291
17.037629
-8.399762
-42.6232593
55.86328
54.6
10.7540279
16.4739491
51.341376
43.0532801
45.2028539
-20.0256695
5.6080848
15.1757062
48.0386685
9.9165452
51.0376583
-8.7287229
17.7409147
55.7483994
29.8483192
32.4464635
10.5280095
40.039377
48.1735752
-6.7407026
-7.459928
55.6613674
45.2415442
39.079722
48.6329614
38.705449
49.5178845
-7.5511508
9.452849
10.444021
9.97788
41.5590095
30.453667
41.3349436
23.127149
23.1456682
32.2945837
29.844107
53.3786861
-24.2670414
35.0645029
57.0473929
-6.8008183
-24.7592533
35.7797381
20.5550408
35.490701
-9.0933664
54.0481202
35.069045
45.3689432
5.41139
-40.8114375
51.252485
46.4415095
30.229314
-6.5912415
-11.3442564
-0.9254064
-39.0482569
-10.170262
-6.8063294
55.2397021
54.6930453
-20.3321939
-23.1072154
28.003553
50.4974447
-7.5605
2.449478
49.2272998
-39.2147054
34.497578
16.0445969
-18.3181877
50.8816379
38.6390583
8.2459842
-7.193833
19.9104798
39.937881
13.9293954
50.8304668
43.3708997
40.9676726
14.5491865
-7.811056
-10.2017376
26.641315
36.66667
42.4466457
50.63258
37.807809
63.2370276
49.8391504
52.55694
-29.7132471
16.8047297
-27.097026
50.0620325
56.9713872
29.33903
34.9363523
-20.6984299
40.8253148
48.9236625
49.4515969
49.1040007
0.5695252
-7.9794517
-7.6633857
32.78
53.291512
53.7322394
45.548669
52.2445931
50.5658445
4.5791946
-17.3218249
41.2930767
23.902479
-15.0418557
12.7430244
53.3004898
15.7325058
34.041823
59.3465821
16.5653818
34.7576397
44.3200232
50.1224689
40.5420665
24.301245
6.9641667
58.5706557
18.1096868
57.731461
52.90412
49.7708764
41.6338439
7.55633
-8.77212
7.8086531
17.18333
50.9449228
46.4064605
-25.7189601
39.8551211
30.1321408
41.9121057
52.423321
43.089588
13.8097319
47.55717
