-99.1186381
-35.2697802
-71.893158
1.9038837
112.4172256
107.6047939
22.5416683
-86.0198103
-74.7102958
-39.2791011
107.8228459
19.9481973
-78.4695111
-51.2213044
107.081282
16.4346979
104.195397
-82.3261977
121.3325306
96.8427394
100.1479182
-89.2918473
-73.858939
-65.0604467
50.28319
17.960745
37.553869
-87.8721602
48.3688834
22.0650878
62.5000106
-82.7293193
106.8502879
115.9942491
121.990643
58.3260629
106.110673
114.690007
134.4266559
121.6889505
30.0723009
43.70929
5.9372731
-78.1165309
105.1990045
89.108299
16.5231662
-9.1453534
103.915953
18.1543922
91.17211
21.384343
114.9754175
113.1260497
26.8603864
112.6794582
98.8942082
139.0158281
140.442719
-8.3704583
19.9216777
24.4198995
109.452379
113.3823545
19.1538281
30.3651444
41.1014277
-69.9732934
68.44668
23.6524854
44.3803921
108.5144791
99.856925
21.3852657
106.9447146
21.5480129
42.9174509
113.3785933
43.0880662
112.335468
135.4972513
-46.8486857
23.5462738
122.142091
-9.1141307
123.7975
17.2557665
-9.3200883
39.06949
17.4746428
-8.1722173
10.7492466
119.402976
118.476341
101.7178316
7.9538378
120.9061578
-68.1430029
92.0974076
123.583231
116.5307
39.5896987
126.0502748
108.8076195
120.4918
11.8951003
112.723615
-70.017471
120.9666672
120.2822878
120.4194593
114.164223
22.7793914
-3.6721577
121.3165342
22.1007382
49.0059852
113.7692328
5.5949365
108.438797
-93.3086778
0.3908219
-72.068265
7.3469006
-116.9689
2.0776887
17.2712934
25.4275605
117.365052
107.658066
109.6745916
95.4227312
-8.6947028
113.525165
-93.1616515
-8.4826853
-62.2841378
106.8264184
-77.8281514
13.7914633
111.885002
40.0785154
-75.953096
107.3661435
113.5755553
30.0475103
5.8978018
24.0942729
120.413376
121.1597568
-50.5135589
100.7492159
106.7988028
44.2668203
120.9522977
-80.8108888
109.2861268
16.4322461
-76.60003
121.1098151
107.237743
120.273991
109.032501
35.16593
121.692832
-8.350634
118.511306
117.2205771
113.790057
18.7322135
78.2605492
-79.5198696
91.5184418
-78.4695111
123.8969328
125.1797741
7.2559678
15.5727869
23.8131306
111.8568586
22.555595
14.5999796
103.82319
110.983333
32.5662219
14.96923
133.7941356
-70.4144776
106.2151654
19.6209662
-76.166667
111.622398
126.16111
85.6677519
-76.2652909
5.4201377
120.965215
107.0037509
-37.1239897
46.6878846
-87.6433139
120.9522977
29.3327582
108.0272646
113.293359
44.6507762
-8.437181
-38.2322028
-44.3482701
116.0761121
110.947552
-91.0894479
113.264385
34.779603
105.5708865
-40.9990597
19.7834148
28.3505779
34.5735627
18.4025756
4.6999899
105.9053689
41.7473982
106.493598
-71.0927279
18.7971435
8.1937267
44.7695698
-88.9521595
12.5332741
122.3504283
44.7451765
2.511999
31.0940874
17.6900802
107.8731968
-68.8225775
-8.5562534
113.459749
-51.0536949
9.0571089
-100.956682
105.0177539
60.8841983
41.8551162
5.8978018
30.5234909
68.1006359
-80.2169047
97.0149006
5.6457951
124.4752715
-82.35
29.85391
80.7647336
-47.4882762
123.0925437
110.71836
-58.7832105
-75.772917
123.9839638
117.6712891
116.0886704
101.7178316
11.21814
112.225334
29.3018011
44.2309162
-8.5085734
117.345479
108.8521777
108.4943751
30.3251493
-69.2142863
115.2401
27.8996001
107.913127
104.8921668
44.0206741
-35.2920979
-9.0355159
42.7955185
118.4807442
113.896129
-75.698571
17.9687559
-73.87076
-15.4393074
124.5217429
113.921327
-44.1170051
-48.6553685
3.2995005
120.7556573
35.1103736
-8.7330787
121.9160381
16.1870778
123.7526021
19.8125507
123.5403713
106.7942405
106.4729811
73.0947195
-81.138279
117.0714935
15.3884817
17.5359489
12.5899894
-66.8679635
-8.3176644
111.583
112.649998
54.3139277
-7.5626411
-7.8210803
-84.158761
35.8334494
43.8869814
127.528293
-70.6351119
-83.7066289
-93.2478638
107.7132895
-73.9447994
109.1107114
110.856622
110.8582722
124.5601
12.0083611
-73.21585
-51.6639768
129.7690775
111.1116153
18.0101779
34.989571
-8.2639239
120.93382
35.853757
122.750324
-90.7164246
34.993693
52.4223979
112.453926
13.5137081
5.55
119.9306863
16.83363
118.41697
42.9174509
42.8253662
109.1068822
108.6235004
120.382609
-7.5927209
108.842622
15.3480679
126.7052062
16.5613311
19.5954894
22.4914418
15.9259321
15.8447572
15.90981
48.5087209
123.1260578
139.0943433
-77.8833329
123.696241
23.8707783
104.0061889
115.1204095
56.25176
111.5975081
13.5559769
36.7442377
106.0287512
120.7906666
26.1406893
-8.768872
113.398429
121.5250628
134.5849521
116.157387
4.3000211
16.4207632
-61.961036
18.470633
111.915162
112.6168852
121.0309439
36.162836
34.0219218
98.8076849
121.050126
115.969501
115.118091
-74.115187
24.5168391
107.7458559
112.122426
15.1849486
32.9916478
2.7877074
109.0869316
106.7057733
-65.6147813
-99.1075731
47.3657603
112.123041
90.129524
106.8672736
100.2824483
-81.5349581
15.6469321
-69.9474964
-50.7802377
106.3581527
14.4514592
49.0729264
43.4054565
29.0542223
-75.75
11.9006932
102.267712
43.86901
4.7808095
123.2415
109.0958489
139.8831403
-75.870743
122.845
116.0761121
114.392392
123.52481
34.1479155
-7.337931
-8.5339148
-8.6107389
124.3754414
17.649817
129.4828511
106.9211984
117.227219
113.8465758
44.5266466
118.036787
27.2930165
-76.283333
11.5681872
10.7559072
107.4292386
107.4135643
-69.7078423
27.7754515
42.7955185
17.9583306
105.9235
20.9335169
111.463919
36.21444
8.0247005
110.3216026
39.6777217
113.6799766
-7.0833118
113.535405
110.138102
18.9221
-73.3767641
107.79016
-99.1411154
18.0084483
123.4767
123.7810708
21.81667
-67.8927472
-64.7858887
121.258946
31.7447913
126.4371385
123.9558083
-73.9713406
111.1682495
107.2902839
22.887043
-47.3047061
83.1136054
119.1866
52.4618922
19.8982345
-8.5085734
119.662909
106.2522143
125.9063009
110.395104
92.8703415
86.483486
16.5250369
70.3898483
126.8320201
113.672784
2.4921227
109.0185719
119.598195
113.6799766
119.677154
5.2475518
22.4000005
-70.401535
107.998149
6.663812
121.0388628
28.3217259
121.0317737
29.5970434
-8.555621
10.646404
38.9981052
-49.1828385
-77.2864879
-7.6099869
54.6499999
107.762268
115.899262
-7.845845
125.8131123
29.7779991
116.341395
-113.58524
120.2642533
123.7223625
69.9877879
23.17194
12.469587
22.4510542
139.8857687
-47.4710798
34.759291
35.853029
38.5217772
125.4946236
-87.931855
-46.8486857
-8.1962076
-72.642495
-8.9156201
103.290785
29.8505301
27.2053498
113.050581
122.616
-75.3936808
137.0770574
12.037055
21.3375451
101.1539414
-99.1135903
-55.0199394
-70.3628516
35.17001
-72.232262
-13.9114989
117.468181
18.0157421
-77.9
4.3871967
-68.1346594
-80.1651854
124.5579
108.7185184
121.022248
-77.0391754
-69.4355341
20.6621099
76.1899661
140.3605429
120.3660634
47.4392352
107.2666396
120.04619
49.1904301
121.45033
62.5884412
120.183979
121.6793537
113.884019
-58.9269044
10.9750484
110.5215459
48.4887224
11.487163
120.284938
6.624795
25.5897031
-54.8265622
-92.0167547
113.3823545
111.0625
26.6392615
30.201622
119.7889248
29.2916352
83.4376749
4.9656113
107.3532717
108.3296983
100.5071143
124.292626
123.4582948
2.3477753
124.9935888
-40.5940565
108.6877976
-112.65185
115.958784
2.9982752
-8.5717827
12.5332741
48.0059825
10.7691773
130.7842448
7.4624361
112.819
26.538
121.916465
14.8755999
-7.5734783
-77.9424531
13.7233116
33.6724007
17.9299398
110.18122
117.134282
26.6405956
107.6222719
-88.0162724
108.307889
105.981739
-80
126.7020806
0.7501524
19.698964
-79.7761974
31.4256183
113.309317
-8.508386
-6.2071246
-55.6287206
106.8281623
109.1107114
112.2771485
124.672209
113.7989815
116.4217216
16.5813788
15.1996268
-88.1401188
5.9670927
108.980102
121.423664
138.8825459
-77.6407258
-76.0391909
41.0822359
104.747254
-8.489917
-77.67806
23.7464528
32.2313539
121.0409412
114.842366
80.375053
-64.8659804
112.5096093
113.378132
-43.9759925
112.5349392
-77.5661219
-7.9440252
21.253752
14.5075
16.611189
138.394706
31.5370003
111.970514
19.877027
138.4136271
102.4151335
110.3130087
37.7662154
122.207215
25.8960346
118.575306
112.9386472
17.1711587
129.1189472
109.428608
14.5922703
70.8023327
-74.0711359
113.609286
37.0361031
112.832566
-49.5076392
-48.5316897
30.2992358
52.4223979
112.992497
19.65083
125.4704601
23.518328
106.7647475
1.3155028
3.0742866
-70.414047
126.965607
17.3406456
117.26062
-74.08251
50.4047054
123.2710674
50.0742576
111.0460407
25.605439
125.14366
26.4423222
105.255491
-62.2106241
126.422806
98.5069862
39.3015305
-58.5878676
118.7436309
13.1629837
106.8254167
95.7220845
27.10086
-58.5577501
105.4771084
117.078294
38.2899306
-99.1013498
94.69116
11.5077573
135.9491482
135.7900209
83.4323375
104.8304807
2.2385405
-89.98
-103.9832684
114.382611
99.564171
121.92404
39.3988465
111.172529
-35.4210417
36.0941795
-86.8094808
109.7264281
3.0057099
121.0392436
28.0892299
103.3587288
25.9294198
-58.7992473
14.8077914
44.4146374
102.05
18.1983893
109.150848
-86.8947789
34.979243
-87.2655636
158.2083333
84.8672171
-58.6055652
111.549105
118.449526
15.8462167
11.9994997
106.9145244
113.536047
120.047429
98.209206
118.579936
36.12323
118.0429566
29.9682719
21.4467686
-8.8615847
30.1454694
-68.2385339
107.319116
40.9922209
35.227727
-73.6483294
144.7546333
5.4044268
-77.0351137
109.120161
103.1369108
-67.4658213
45.5034856
-59.0746886
107.2902839
109.351019
24.9815513
-1.605738
116.722615
24.6638251
31.0466749
39.1283506
120.9814426
-70.0086306
23.6556259
37.3747104
44.4665485
-55.0519913
-77.9467371
121.450653
5.6469613
112.7211714
15.8550922
114.370929
-9.0138
81.318189
114.246016
5.0676766
121.4737021
111.809478
137.2123102
9.7678687
21.6481861
60.7871278
123.9251851
-58.5616502
-60.713149
33.5895956
46.2227118
-57.0844094
113.200971
86.182232
-58.421763
116.4374738
23.0876498
44.161347
17.9937204
-11.693428
-70.3583879
-87.9383822
89.1806674
-5.9145568
30.0360311
17.9299398
107.9439
7.7342943
119.9696841
18.0838678
109.10459
-8.7026991
-73.323263
127.6681281
18.6516275
107.5889804
47.1118527
121.0331004
-8.4639317
116.670173
107.8995629
17.950135
107.7473363
-79.5139718
18.7571935
113.121435
-75.3743736
20.1900369
126.918087
115.162028
140.5250401
-7.39548
18.3876045
108.504872
112.746823
113.790057
114.393598
109.2385498
21.2602765
21.3788326
31.3541631
113.943274
29.8505301
118.1202121
-35.2697802
-99.1504583
-52.4626809
102.2462087
-87.6556468
100.1947477
121.513271
121.265374
113.7841073
-91.0894479
135.6196126
38.491586
7.7342943
-8.4396618
117.500558
12.6475194
-47.8847321
-89.3343599
5.534063
35.7517448
19.5032559
-7.3038414
106.912251
125.090922
38.9712949
130.5921699
-99.1218024
21.3421041
39.1784374
111.0765
-80.3408061
12.882661
-8.0638522
122.4105
114.917346
13.7677916
44.43702
2.4626489
120.2483881
-62.2841378
97.045678
-35.4343604
27.2980562
120.9422852
108.4454089
116.00509
120.6662294
119.847051
71.53333
70.8743691
44.836578
114.1162219
17.3562648
109.763659
106.22868
37.33826
94.571633
126.59772
119.318928
28.0823146
121.8889
39.9593673
121.0312325
106.0669571
32.6396357
15.2250924
117.497651
126.0733316
124.5975512
139.7415269
85.2774207
-79.1040432
33.9468956
116.2804288
-65.2605303
23.6542166
89.5756987
111.144319
126.14558
125.663981
5.8978018
121.094913
26.1149716
16.5989466
125.136451
30.6286186
59.6818456
17.7257496
-69.4678265
47.465002
26.3684411
-74.1406654
121.261886
117.223371
101.7178316
104.778442
17.8430924
103.5184746
-39.3621196
120.7806412
44.0946881
-86.7114545
121.844618
104.46797
-53.9378421
121.315718