7378831650
3076329645
4189270197
3894007043
3004448014
1095445392
5462919307
8125212289
9908048155
9827865791
8965460484
9956969960
7266046554
2333903027
9107460556
5798530489
2228167962
1726859754
3455504799
7431798540
3573643432
4705115240
8465122714
7457661553
3032871078
2082348017
2979166534
1305073292
1298755791
2038821735
7193839997
1803998992
2085504164
9149538638
9237946785
1809478409
7849495256
9804538050
9203485138
5171183371
9518560163
6653444634
7391253884
4699285049
4972879054
2366700915
3584039486
4009025242
7584210943
3267994172
6942256457
5084926917
7128268249
8138930612
2285161942
4538235942
2235971481
8259611779
9719538821
7038341244
1936212092
6414821316
9564853897
2109671837
6238648772
8483067236
8938858293
8272032802
7333083603
3247266697
4072400787
5018963112
6215230327
6982178786
5814724842
6638013307
6292282785
3823886836
6218414140
8992541298
5551162691
2649949202
4945307322
5312213224
8286412057
3566050852
8354251467
5012008429
8998457903
1645714972
1489138065
9779688035
1268851512
8058204954
3274354556
3654314732
6047791642
6692783557
4551084267
9548428368
2017121279
1866335179
9775756435
9324281603
7225142517
4684981897
4774522010
8461964456
2325129573
2907847233
9331281060
3624888399
5825795588
6926835233
9332333281
5611975490
1776326972
4179865959
2706657012
3987861848
5738592384
5401456778
8563528869
4721617022
7542035076
1005115309
3048094208
2846375074
2676981051
1168359288
2076277124
9058402011
6843688806
7367228698
7839829115
2904544185
8306948409
7652886209
5569969451
5925309379
6907053803
9358411403
8443220793
1622194664
2546136361
5493980655
5366892307
4619991828
9922198678
3331599684
7488238397
3438391502
8986850453
1695315928
8771819829
2026943870
6971362905
6579579287
7223630395
3909078174
3512379874
6572673241
6155034135
5277765409
2054362475
9323750705
2409000510
4715959709
1914628004
3243928110
2963449247
3683934506
1676183770
3719015546
9266395841
3215907255
4983012488
1451807219
7569312879
4691370353
7572705634
2434294777
6516134724
8758449005
8498123240
4772197640
9568347206
9575648535
5333301352
8787307199
2029934245
2853329298
5094403714
9898201108
4757414952
1823276347
2809898876
3865192603
6005512956
3062181908
2219344129
2769472935
6597320423
9169090408
8016855333
2665830974
9015389972
8246447256
4051661971
5605495290
3101319417
4483886055
1093973216
4173679793
7771088228
6851006751
9409679927
3024962350
2634487059
7633122529
5145620764
6164276706
4353477723
3111719294
8686070571
5419160845
1388345283
4202693931
8815051840
2041177753
6108643638
2918320381
9806245437
5412430049
4184378520
5324605866
4402031460
7469523900
3171457272
3387254521
5813103166
8078109396
9763164881
8369436001
1872333477
4384603893
4769665807
1902327165
3452716554
3012673416
4296602226
7922552593
6891487553
7949101270
6748716144
1513541682
8734232975
1455191510
8572291876
6121087678
1123239114
4381570858
8911342542
1812328435
5459973377
6313902873
6737402253
5939658751
3139821236
9301421546
1539703038
6454184648
3622660660
5505564964
5493146324
5265806147
2844559931
8449935602
2965533770
2935208474
2632622941
3745165123
6227338239
7126186719
8993307543
7516213353
2515356831
2843482054
4149028580
3153485104
2787558540
4332793581
8462450871
3587564859
2755890447
1577008763
8755879609
2828589061
8918212888
8206755803
8555678001
9673266731
4615393726
9453618747
5189589833
1493116750
1752151218
7054903764
4627929219
8942832433
3251596305
7559523326
6529587316
5018740262
5901738034
1778792221
7655313063
7697668345
6713745475
6154819520
7116635129
5971241046
6682908338
9982063929
2405202957
2217119856
3134353316
4801376399
2697764358
6597332979
1535103089
2561457692
6986374491
7052942286
4835742866
1081799282
8098379208
7628369861
4278875272
8923756520
3136068544
6529885656
6793860236
2768390021
4413796431
8206838163
2928267507
6336722462
8535411238
3493898610
6194710341
1068726457
8892472246
8282007535
9919136666
1922534749
5546378970
2016022911
9966436132
5477012238
5317475899
4955841912
8494754375
2638680719
2198352643
8344890299
3202048338
8674295286
5791370345
3641396839
9097663713
9247514367
7925997232
4176433213
8927064774
5573366801
8886233608
8494451448
3854872951
6955695363
6823864949
7182499548
2775655372
9098701515
4962012158
3937337221
1835901103
4473377054
5316579639
7375717537
6863729461
2586378773
2398013316
7244907756
6321829789
5505535760
8747878093
4526503797
6291598719
8108284133
7153541290
8754730029
5194333693
2587541791
8247102194
5888557046
3118697972
4847184725
3594737404
1773342267
2208484372
9085424497
5344672898
9986764681
1512510418
3229672296
2399730872
2394085939
7456955096
6077007348
7376171511
8677056186
7617561966
7017554209
1284128615
6483790675
3652195561
6685907840
3849429327
8187768409
2895901892
4925650012
7534424519
8962348713
7317583796
9835625505
9614258011
3695380491
7413494075
5915380328
5441917241
3655854407
9495077506
5801065144
1254656446
8533417431
4343023676
1331922797
7931312103
5143859453
2204446374
2978473616
7804759887
2084602855
7616301459
6479106777
5969407555
9832540839
4991402183
5997784107
1043981483
7653481447
8671829266
8239847582
3136235339
8958914916
4161093874
5064745522
7137491431
3801501038
8333124856
4938079321
6241847083
6149630655
6379516512
1772508315
6348840784
1913124866
9156820213
2166339431
9027045744
8654038336
8515468818
2056077921
4146770373
2635369671
1251700731
5819958779
4052537858
3821672392
9129289931
5628042449
3511074510
8787308857
7359629094
7151997887
6385902603
3516316930
6171917190
9658315505
5303578735
1979362431
8155401407
7616456287
6401361902
4051720232
9563070946
9146747536
7231735206
1648439144
9712179144
6348859778
5063187223
6464732806
9775813494
2948613370
8291880257
6423575932
1669027879
6986479046
3109471133
8709158088
9798447144
8924258972
4712182616
2329523142
9898282226
5841314342
2628738318
9172017591
6474933001
3095259829
9546241894
9062787832
4142023534
9444540012
4594653248
5493610223
5917234938
1727105078
4894830679
3343897014
5026918240
2021366070
8431138438
9517578181
1798062075
4652517726
5691175000
8447614831
3016390924
9446298334
1581223954
9377633702
9602414967
3679438978
6586075863
3009384423
4669301731
4774273820
5493072710
2691200302
6289918390
4867316986
4552134345
6539229194
9035278440
2407987047
9897548084
6471363650
4423932804
1827192366
7255349019
8076139860
5142025040
5575030002
5099069161
2545516575
1688710328
6368140584
7001727726
4783870787
8901177125
7368829933
5122836411
6309040443
1614978006
2545093205
6991984824
9254613867
3094211217
8543678036
4144112272
2406898251
4933234168
1662350847
8231247041
4048417464
9042732119
6663087728
7536051395
1197965164
6014457804
1291266691
8598397168
8328558178
8943118660
3496081167
9749319904
5342905979
5551495159
2348999842
1795636678
6427233462
8195542004
8871900545
1324471280
3211112976
2328626378
5152634975
1144613667
5272228944
6249917724
5351071905
3234559679
1303984025
4135732046
1727520691
8446611884
4508593257
2235864731
4214155041
1857334555
5657176263
4088010895
8459055823
7501199273
5152048489
8516425857
6731391407
3362828966
1223409592
4063907121
5993627470
9277951167
2738104988
6064670322
7476801016
1149960550
7256692057
6259445737
8231484947
8028873918
3123177024
7921143652
7056312163
2853874503
1049755732
2923824859
5912259812
5612598761
2738408781
6389588955
3852160270
3195608156
7244752811
5355092087
5699044723
1141048584
1317914409
4285844725
2437703936
5707094090
8801903851
5028454669
2388430878
7415030214
2706352106
9115122660
8287715282
1331991247
7018868279
8686766981
7076801579
3977265911
9309049559
3105424282
2986417064
5461185473
1416093753
2142392998
1851205950
4968455790
7658486881
5148368673
3778801855
6459172820
5696782796
3153510028
4374447108
3572616228
8423186216
5203137107
9117826707
8011235600
8485389224
3964802990
1244718848
6806643323
2243790078
1943181207
1671219223
7077400477
4647932749
4986284148
2361846024
4125391272
2991285380
7717626958
3662302897
8065082794
3342265569
8687192411
7674719749
6799464721
1343669486
4423257849
4098592527
3107186338
6048413162
1066469780
7814554791
1196812125
7422560776
2173593952
9046450105
2638621788
2346163687
8483502166
7739977911
3019952164
8404864427
2234990597
9885121861
3175642391
1147007716
8875907796
8018721488
8233243278
2296459090
8717434867
2628466445
8532608421
6548085623
5347661493
5235094330
1112378573
1067491463
1967535233
3034787928
6523259276
4382710919
5745672379
8147746244
3474187136
2483047351
6251255450
7928196183
4166360574
2642161271
1668740582
5221122335
6767236618
1765618017
5654347346
1436489935
3171108433
9392411666
6482592277
9693720080
8493495542
5258570330
8388630644
3144806648
6193557072
3544649410
4348312458
9003587501
9879482714
2814903504
7609565458
6097230810
5445718388
8776321817
7846647199
1484317755
4407928100
5978670252
6304819181
1801769916
6243897390
3955143687
7986177407
5856519219
5233626523
5051364295
4829696061
7414037512
1168488503
9646357076
7377955577
2844376988
2684361500
5739527187
9919491862
3367333099
6849441059
4318703266
7664118998
1607362217
6234834551
2649530660
5206707784
4361290427
5098056365
4326456831
5525877759
6972568067
6439880788
7435248520
1431368929
4388113196
1393979138
2072934426
2349938216
6865096056
7583103998
8705245857
3823078769
7722594537
7311594868
7886520184
5634105084
6066062970
3624278228
7755371717
6881583999
8209248598
3003383126
1894390442
1121819772
6593925901
7668753359
1474637785
1477974212
3462174506
1723010269
1741112281
7298741937
9204713254
4911034784
7253950460
5663724372
8372000854
8333836276
8952012262
1165842562
1435849026
3245356534
2939846572
6895388839
2643187804
9224114181
7561792266
4652154765
6757732306
7845933547
5923137985
9189300142
4007319784
9573950978
1035475719
5202115711
2392741797
8047485074
2133860062
3914821280
6196259469
8461607372
9451064098
3744589202
4214486028
3509800014
6139663971
1981832131
5828852877
8532557873
2133429929
2791344772
9161132604
6563381357
7099580330
4614117612
6643591322
2741859391
3466416544
2065885091
7013001707
9628569310
5472885426
8171887262
3025631650
1136301984
7488043296
9388149408
5132195971
9985717822
5647135410
8798916219
9343007892
2032638351
7366948587
8291257826
6964936488
1882976755
4844139212
7165520729
1564979571
8005832858
8133620495
2756482040
3094264391
6547191471
7302833802
1213681481
2932637889
5842083330
7273028550
5289928773
6351235070
9833899931
9242973463
6737739104
5216813292
9432921664
8695846504
1259908072
1642467408
6476884957
6085167538
9361177583
4168589709
4094972731
4042893552
1042338438
9673795730
6732379292
7131790287
5703505571
4176373526
4649793598
2391764608
2838941946
8332135740
3413384496
6958994297
6309610749
5879658699
2159522998
2454291026
3461667610
8945348759
5168615305
1063682651
6556600527
5462251074
2676781519
4411978549
8297399353
9363776376
6431756754
7662827772
9756028970
9118598925
7896660879
5415254082
8768008209
8155441913
6735343733
3784115311
9545908537
7722271783
4766882003
1415013627
6134188519
1723148088
6104917953
6896079715
7888014042
6169780238
